Oil data: 572 lines (oils of different origins)
Columns 1-8:  normalized fatty acid concentrations (between 0 and 100 %)
columns 9-17: 9 bit string are target vectors representing the oil-origin
column   18:  ID numbers of the oil origin region in Italy (from 1 to Norigin)
column   19:  Region where the olive oils are coming from (ASCII text)

  41.3  22.6  33.2  72.2  21.9  47.2  56.3  48.2  1 0 0 0 0 0 0 0 0    1 N.Apul.
  62.7  46.8  35.0  47.3  37.6  55.6  56.3  53.6  0 1 0 0 0 0 0 0 0    1 Calabr.
  75.0  63.4  19.7  35.9  55.4  34.7  42.7  30.4  0 0 1 0 0 0 0 0 0    1 S.Apul.
  54.4  44.5  33.6  53.3  36.8  47.2  65.0  58.9  0 0 0 1 0 0 0 0 0    1  Sicily
  46.1  39.6  31.4  46.1  65.0  56.9  93.2    .0  0 0 0 0 1 0 0 0 0    1 I.Sard.
  46.7  31.3  44.4  38.9  84.7  25.0  57.3    .0  0 0 0 0 0 1 0 0 0    1 C.Sard.
  60.4  17.0  48.4  59.2  21.7  94.4  95.1    .0  0 0 0 0 0 0 1 0 0    1 Ea.Lig.
  51.6  50.9  61.9  49.3  56.0    .0   7.8    .0  0 0 0 0 0 0 0 1 0    1 We.Lig.
  42.2  20.8  12.6  78.4  15.4  25.0  46.6    .0  0 0 0 0 0 0 0 0 1    1  Umbria
  42.5  21.9  32.3  66.8  32.6  40.3  57.3  48.2  1 0 0 0 0 0 0 0 0    2 N.Apul.
  26.8  14.7  42.2  85.9   9.9  40.3  59.2  48.2  1 0 0 0 0 0 0 0 0    3 N.Apul.
  31.6  15.8  39.5  78.3  16.7  66.7  73.8  58.9  1 0 0 0 0 0 0 0 0    4 N.Apul.
  39.2  19.6  48.0  69.7  21.9  66.7  75.7  78.6  1 0 0 0 0 0 0 0 0    5 N.Apul.
  26.8  12.8  52.0  77.0  22.5  68.1  66.0  75.0  1 0 0 0 0 0 0 0 0    6 N.Apul.
  27.7  19.2  50.2  80.1  16.6  65.3  52.4  48.2  1 0 0 0 0 0 0 0 0    7 N.Apul.
  43.6  17.4  37.2  67.7  28.0  51.4  60.2  58.9  1 0 0 0 0 0 0 0 0    8 N.Apul.
  42.0  17.0  39.0  68.5  25.5  61.1  78.6  55.4  1 0 0 0 0 0 0 0 0    9 N.Apul.
  38.0  15.1  27.4  77.9  18.1  33.3  48.5  50.0  1 0 0 0 0 0 0 0 0   10 N.Apul.
  39.2   7.5  30.0  79.5  15.4  26.4  61.2  39.3  1 0 0 0 0 0 0 0 0   11 N.Apul.
  37.9  16.6  37.2  74.3  20.8  38.9  58.3  75.0  1 0 0 0 0 0 0 0 0   12 N.Apul.
  41.2  20.8  27.8  67.7  29.3  66.7  74.8  55.4  1 0 0 0 0 0 0 0 0   13 N.Apul.
  23.6  14.0  40.8  81.4  20.3  54.2  74.8  53.6  1 0 0 0 0 0 0 0 0   14 N.Apul.
  30.4  12.8  45.7  70.9  32.5  66.7  70.9  69.6  1 0 0 0 0 0 0 0 0   15 N.Apul.
  48.4  31.3  22.0  61.9  36.0  41.7  56.3  48.2  1 0 0 0 0 0 0 0 0   16 N.Apul.
  29.6  29.8  13.9  73.0  33.3  55.6  70.9  51.8  1 0 0 0 0 0 0 0 0   17 N.Apul.
  59.4  20.4  23.8  49.5  49.8  59.7  66.0  46.4  1 0 0 0 0 0 0 0 0   18 N.Apul.
  31.2  20.8  19.3  78.6  28.8  61.1  70.9  50.0  1 0 0 0 0 0 0 0 0   19 N.Apul.
  30.4  23.4  47.5  72.0  28.2  56.9  73.8  55.4  1 0 0 0 0 0 0 0 0   20 N.Apul.
  41.2  19.6  37.7  66.0  26.2  75.0  78.6  76.8  1 0 0 0 0 0 0 0 0   21 N.Apul.
  34.2  11.7  61.0  71.4  22.6  75.0  81.6  67.9  1 0 0 0 0 0 0 0 0   22 N.Apul.
  39.6  14.3  42.6  66.5  24.7  72.2  84.5  87.5  1 0 0 0 0 0 0 0 0   23 N.Apul.
  40.4   9.1  36.8  74.7  25.0  55.6  69.9  42.9  1 0 0 0 0 0 0 0 0   24 N.Apul.
  40.4  11.3  41.7  70.1  24.3  62.5  77.7  64.3  1 0 0 0 0 0 0 0 0   25 N.Apul.
  63.2  45.7  29.1  41.4  49.1  56.9  59.2  50.0  0 1 0 0 0 0 0 0 0    2 Calabr.
  66.6  37.7  42.2  44.3  41.7  59.7  59.2  28.6  0 1 0 0 0 0 0 0 0    3 Calabr.
  68.3  36.2  53.8  39.2  48.1  61.1  60.2  37.5  0 1 0 0 0 0 0 0 0    4 Calabr.
  60.9  35.5  41.7  45.2  44.5  56.9  58.3  64.3  0 1 0 0 0 0 0 0 0    5 Calabr.
  59.1  40.0  28.3  46.7  43.4  52.8  64.1  69.6  0 1 0 0 0 0 0 0 0    6 Calabr.
  64.5  39.6  74.4  37.1  45.7  66.7  66.0  64.3  0 1 0 0 0 0 0 0 0    7 Calabr.
  62.1  40.4  39.9  45.4  41.3  61.1  68.0  58.9  0 1 0 0 0 0 0 0 0    8 Calabr.
  64.9  37.4  16.6  49.1  36.4  63.9  68.0  33.9  0 1 0 0 0 0 0 0 0    9 Calabr.
  61.2  38.1  45.3  47.8  36.7  52.8  65.0  44.6  0 1 0 0 0 0 0 0 0   10 Calabr.
  54.3  34.7  30.9  54.1  34.2  72.2  66.0  46.4  0 1 0 0 0 0 0 0 0   11 Calabr.
  56.4  21.5  58.7  51.9  37.3  58.3  63.1  46.4  0 1 0 0 0 0 0 0 0   12 Calabr.
  60.0  43.0  41.3  48.5  36.3  76.4  61.2  60.7  0 1 0 0 0 0 0 0 0   13 Calabr.
  56.7  34.7  72.2  47.3  38.4  61.1  62.1  55.4  0 1 0 0 0 0 0 0 0   14 Calabr.
  66.3  34.3  37.7  43.1  40.9  63.9  70.9  60.7  0 1 0 0 0 0 0 0 0   15 Calabr.
  57.8  32.8  34.1  50.0  41.3  65.3  60.2  46.4  0 1 0 0 0 0 0 0 0   16 Calabr.
  57.9  40.0  71.7  44.5  42.0  62.5  61.2  41.1  0 1 0 0 0 0 0 0 0   17 Calabr.
  61.7  41.1  57.0  40.8  47.0  63.9  57.3  62.5  0 1 0 0 0 0 0 0 0   18 Calabr.
  65.2  38.5  60.5  39.3  43.9  68.1  61.2  69.6  0 1 0 0 0 0 0 0 0   19 Calabr.
  63.4  30.6  66.4  49.8  30.2  62.5  50.5  42.9  0 1 0 0 0 0 0 0 0   20 Calabr.
  60.6  38.5  28.3  49.8  38.3  63.9  57.3  53.6  0 1 0 0 0 0 0 0 0   21 Calabr.
  57.2  38.9  41.3  51.8  33.1  61.1  67.0  39.3  0 1 0 0 0 0 0 0 0   22 Calabr.
  62.4  43.8  48.0  41.1  48.0  54.2  65.0  32.1  0 1 0 0 0 0 0 0 0   23 Calabr.
  53.6  35.5  66.8  45.5  46.7  62.5  61.2  51.8  0 1 0 0 0 0 0 0 0   24 Calabr.
  66.6  31.3  89.2  45.6  32.5  54.2  52.4  25.0  0 1 0 0 0 0 0 0 0   25 Calabr.
  58.3  30.9  49.8  53.8  28.9  59.7  65.0  48.2  0 1 0 0 0 0 0 0 0   26 Calabr.
  61.2  31.7  71.3  47.9  33.2  59.7  63.1  37.5  0 1 0 0 0 0 0 0 0   27 Calabr.
  58.8  38.1  57.0  45.4  41.5  56.9  68.0  44.6  0 1 0 0 0 0 0 0 0   28 Calabr.
  59.4  27.2  80.7  51.1  31.6  58.3  49.5  39.3  0 1 0 0 0 0 0 0 0   29 Calabr.
  51.0  36.6  71.3  51.7  36.3  63.9  53.4  46.4  0 1 0 0 0 0 0 0 0   30 Calabr.
  68.6  35.8  52.0  44.6  37.2  51.4  56.3  50.0  0 1 0 0 0 0 0 0 0   31 Calabr.
  50.9  49.4  62.8  60.7  16.6  50.0  47.6  37.5  0 1 0 0 0 0 0 0 0   32 Calabr.
  57.9  52.1  30.0  50.0  36.2  69.4  66.0  42.9  0 1 0 0 0 0 0 0 0   33 Calabr.
  52.3  45.7  39.0  63.5  18.1  34.7  51.5  30.4  0 1 0 0 0 0 0 0 0   34 Calabr.
  54.7  44.9  35.9  64.4  16.4  47.2  45.6  42.9  0 1 0 0 0 0 0 0 0   35 Calabr.
  64.8  57.0  25.1  42.2  46.5  52.8  65.0  41.1  0 1 0 0 0 0 0 0 0   36 Calabr.
  46.4  53.6  39.5  63.6  18.6  59.7  56.3  51.8  0 1 0 0 0 0 0 0 0   37 Calabr.
  68.5  63.4  41.7  51.4  15.8  62.5  66.0  41.1  0 1 0 0 0 0 0 0 0   38 Calabr.
  71.0  42.6  47.1  45.4  30.4  56.9  53.4  25.0  0 1 0 0 0 0 0 0 0   39 Calabr.
  61.9  42.3  43.9  45.2  41.2  62.5  64.1  39.3  0 1 0 0 0 0 0 0 0   40 Calabr.
  67.7  39.6  43.9  50.0  24.9  58.3  64.1  46.4  0 1 0 0 0 0 0 0 0   41 Calabr.
  64.5  37.0  40.4  47.1  39.8  50.0  56.3  28.6  0 1 0 0 0 0 0 0 0   42 Calabr.
  70.3  51.3  38.6  40.9  40.0  59.7  68.0  60.7  0 1 0 0 0 0 0 0 0   43 Calabr.
  69.3  39.2  36.8  44.4  36.7  52.8  58.3  69.6  0 1 0 0 0 0 0 0 0   44 Calabr.
  73.1  51.7  57.8  34.5  49.0  51.4  51.5  41.1  0 1 0 0 0 0 0 0 0   45 Calabr.
  71.3  41.1  65.5  41.8  33.5  59.7  64.1  46.4  0 1 0 0 0 0 0 0 0   46 Calabr.
  67.2  49.8  62.3  42.5  32.8  68.1  66.0  57.1  0 1 0 0 0 0 0 0 0   47 Calabr.
  68.7  38.9  54.3  46.5  28.4  59.7  64.1  48.2  0 1 0 0 0 0 0 0 0   48 Calabr.
  59.8  32.8  49.8  52.1  30.8  72.2  61.2  46.4  0 1 0 0 0 0 0 0 0   49 Calabr.
  61.0  45.7  48.4  51.2  32.5  63.9  47.6  28.6  0 1 0 0 0 0 0 0 0   50 Calabr.
  60.2  35.1  60.5  49.4  37.0  58.3  40.8  37.5  0 1 0 0 0 0 0 0 0   51 Calabr.
  65.9  54.3  64.6  44.0  35.4  47.2  56.3  35.7  0 1 0 0 0 0 0 0 0   52 Calabr.
  56.1  30.9  52.0  56.8  25.5  69.4  65.0  60.7  0 1 0 0 0 0 0 0 0   53 Calabr.
  58.4  32.5  66.4  44.1  44.0 100.0  61.2  57.1  0 1 0 0 0 0 0 0 0   54 Calabr.
  55.6  46.4  44.8  48.4  40.4  72.2  62.1  60.7  0 1 0 0 0 0 0 0 0   55 Calabr.
  57.3  33.2  31.8  51.9  39.1  62.5  52.4  50.0  0 1 0 0 0 0 0 0 0   56 Calabr.
  91.5  59.2  80.3  10.0  66.1  61.1  86.4  53.6  0 0 0 1 0 0 0 0 0    2  Sicily
  65.3  44.5  53.8  23.7  73.0  63.9  78.6  62.5  0 0 0 1 0 0 0 0 0    3  Sicily
  64.8  58.5  55.2  25.5  59.9  61.1  83.5  73.2  0 0 0 1 0 0 0 0 0    4  Sicily
  51.9  45.3  49.8  46.3  43.2  58.3  90.3  69.6  0 0 0 1 0 0 0 0 0    5  Sicily
  44.6  20.0 100.0  69.7    .0  69.4  65.0  76.8  0 0 0 1 0 0 0 0 0    6  Sicily
  54.4  20.8  79.4  61.8  11.5  63.9  63.1  73.2  0 0 0 1 0 0 0 0 0    7  Sicily
  46.8  21.5  84.8  62.4  20.8  65.3  61.2  53.6  0 0 0 1 0 0 0 0 0    8  Sicily
  28.1   9.8  56.1  71.8  32.9  59.7  61.2  41.1  0 0 0 1 0 0 0 0 0    9  Sicily
  44.0  20.4  99.1  67.0   8.2  68.1  64.1  62.5  0 0 0 1 0 0 0 0 0   10  Sicily
  44.4  24.2  68.6  60.5  30.8  59.7  60.2  60.7  0 0 0 1 0 0 0 0 0   11  Sicily
  59.9  29.4  50.7  44.3  43.5  56.9  72.8  78.6  0 0 0 1 0 0 0 0 0   12  Sicily
  45.3  20.4  56.1  52.9  48.7  55.6  55.3  60.7  0 0 0 1 0 0 0 0 0   13  Sicily
  27.2  14.0  57.8  74.4  24.1  55.6  60.2 100.0  0 0 0 1 0 0 0 0 0   14  Sicily
  26.2  12.8  61.0  68.6  35.6  65.3  67.0  96.4  0 0 0 1 0 0 0 0 0   15  Sicily
  53.0  15.1  60.5  48.8  47.7  58.3  69.9  71.4  0 0 0 1 0 0 0 0 0   16  Sicily
  75.3  63.0  51.6  34.1  40.6  54.2  79.6  62.5  0 0 0 1 0 0 0 0 0   17  Sicily
  63.7  47.2  18.4  48.7  36.7  47.2  82.5  58.9  0 0 0 1 0 0 0 0 0   18  Sicily
  61.6  32.1  44.4  35.3  58.8  52.8  81.6  67.9  0 0 0 1 0 0 0 0 0   19  Sicily
  74.1  60.4  48.0  27.3  56.7  44.4  73.8  53.6  0 0 0 1 0 0 0 0 0   20  Sicily
  79.6  86.0  33.2  31.4  40.1  38.9  68.0  44.6  0 0 0 1 0 0 0 0 0   21  Sicily
  72.8  55.5  31.8  29.2  58.0  48.6  72.8  67.9  0 0 0 1 0 0 0 0 0   22  Sicily
  78.3  55.5  26.5  32.9  47.0  48.6  92.2  64.3  0 0 0 1 0 0 0 0 0   23  Sicily
  69.6  42.6  26.5  42.1  41.3  50.0  88.3  67.9  0 0 0 1 0 0 0 0 0   24  Sicily
  70.6  44.9  26.0  38.4  46.5  52.8  96.1  73.2  0 0 0 1 0 0 0 0 0   25  Sicily
  54.4  43.4  27.8  50.9  39.9  50.0  84.5  76.8  0 0 0 1 0 0 0 0 0   26  Sicily
  48.3  22.3  73.5  61.3  25.1  55.6  60.2  53.6  0 0 0 1 0 0 0 0 0   27  Sicily
  49.7  23.0  69.5  59.4  27.4  56.9  65.0  53.6  0 0 0 1 0 0 0 0 0   28  Sicily
  67.5  33.6  38.1  50.9  32.0  51.4  66.0  23.2  0 0 0 1 0 0 0 0 0   29  Sicily
  34.0  16.2  51.6  68.4  31.8  54.2  58.3  75.0  0 0 0 1 0 0 0 0 0   30  Sicily
  32.9  14.3  45.7  67.3  35.9  58.3  65.0  80.4  0 0 0 1 0 0 0 0 0   31  Sicily
  31.7  15.1  54.3  66.0  37.7  59.7  59.2  80.4  0 0 0 1 0 0 0 0 0   32  Sicily
  46.0  21.9  90.6  58.2  27.4  58.3  71.8  64.3  0 0 0 1 0 0 0 0 0   33  Sicily
  51.4  26.4  54.3  54.3  35.8  58.3  68.9  71.4  0 0 0 1 0 0 0 0 0   34  Sicily
  57.5  30.2  42.6  52.4  35.6  56.9  66.0  58.9  0 0 0 1 0 0 0 0 0   35  Sicily
  58.0  27.5  66.8  55.5  25.0  56.9  67.0  51.8  0 0 0 1 0 0 0 0 0   36  Sicily
  38.4  45.3  26.0  51.0  65.4  45.8  85.4    .0  0 0 0 0 1 0 0 0 0    2 I.Sard.
  43.8  30.6  26.0  51.2  62.3  41.7  89.3    .0  0 0 0 0 1 0 0 0 0    3 I.Sard.
  45.2  30.9  30.9  46.4  69.1  45.8  89.3    .0  0 0 0 0 1 0 0 0 0    4 I.Sard.
  39.3  30.2  28.3  51.6  66.3  40.3  87.4    .0  0 0 0 0 1 0 0 0 0    5 I.Sard.
  45.0  32.8  35.4  46.9  70.5  33.3  62.1    .0  0 0 0 0 1 0 0 0 0    6 I.Sard.
  44.3  44.2  35.4  48.3  63.9  25.0  62.1    .0  0 0 0 0 1 0 0 0 0    7 I.Sard.
  46.1  35.1  26.9  51.5  61.3  36.1  58.3    .0  0 0 0 0 1 0 0 0 0    8 I.Sard.
  42.2  28.7  31.8  51.4  66.3  36.1  58.3    .0  0 0 0 0 1 0 0 0 0    9 I.Sard.
  43.9  33.2  36.3  48.4  68.4  34.7  57.3    .0  0 0 0 0 1 0 0 0 0   10 I.Sard.
  43.4  27.5  26.9  49.2  67.7  36.1  63.1    .0  0 0 0 0 1 0 0 0 0   11 I.Sard.
  44.3  29.1  35.4  50.6  64.8  37.5  58.3    .0  0 0 0 0 1 0 0 0 0   12 I.Sard.
  41.3  33.2  24.7  52.7  63.4  41.7  64.1    .0  0 0 0 0 1 0 0 0 0   13 I.Sard.
  39.9  30.6  34.1  51.5  66.5  31.9  68.0    .0  0 0 0 0 1 0 0 0 0   14 I.Sard.
  50.3  29.1  24.7  49.6  59.6  45.8  77.7    .0  0 0 0 0 1 0 0 0 0   15 I.Sard.
  48.8  31.3  27.4  48.3  64.6  50.0  60.2    .0  0 0 0 0 1 0 0 0 0   16 I.Sard.
  46.4  24.5  22.0  52.0  63.3  34.7  63.1    .0  0 0 0 0 1 0 0 0 0   17 I.Sard.
  44.2  22.6  30.5  52.1  63.4  37.5  85.4    .0  0 0 0 0 1 0 0 0 0   18 I.Sard.
  42.8  33.6  36.8  50.0  66.3  36.1  54.4    .0  0 0 0 0 1 0 0 0 0   19 I.Sard.
  45.2  24.9  30.0  52.6  59.6  43.1  76.7    .0  0 0 0 0 1 0 0 0 0   20 I.Sard.
  44.1  29.4  26.9  51.2  64.2  45.8  64.1    .0  0 0 0 0 1 0 0 0 0   21 I.Sard.
  38.8  32.5  38.6  51.4  65.8  36.1  84.5    .0  0 0 0 0 1 0 0 0 0   22 I.Sard.
  49.3  31.7  27.8  48.9  63.9  27.8  63.1    .0  0 0 0 0 1 0 0 0 0   23 I.Sard.
  48.7  26.0  22.0  48.7  66.0  37.5  72.8    .0  0 0 0 0 1 0 0 0 0   24 I.Sard.
  43.1  27.5  22.9  52.8  63.1  48.6  73.8    .0  0 0 0 0 1 0 0 0 0   25 I.Sard.
  50.3  22.6  23.8  51.9  64.5  43.1  69.9    .0  0 0 0 0 1 0 0 0 0   26 I.Sard.
  43.8  35.5  30.5  49.1  67.7  36.1  55.3    .0  0 0 0 0 1 0 0 0 0   27 I.Sard.
  44.6  29.1  25.6  50.0  66.2  41.7  68.9    .0  0 0 0 0 1 0 0 0 0   28 I.Sard.
  42.8  29.4  31.4  51.0  65.1  25.0  49.5    .0  0 0 0 0 1 0 0 0 0   29 I.Sard.
  41.8  31.3  30.0  50.8  66.2  43.1  73.8    .0  0 0 0 0 1 0 0 0 0   30 I.Sard.
  39.2  35.1  33.6  52.3  65.2  38.9  62.1    .0  0 0 0 0 1 0 0 0 0   31 I.Sard.
  43.2  26.0  26.5  52.8  62.9  38.9  67.0    .0  0 0 0 0 1 0 0 0 0   32 I.Sard.
  47.3  30.9  32.7  49.3  63.9  36.1  61.2    .0  0 0 0 0 1 0 0 0 0   33 I.Sard.
  38.8  30.6  37.7  52.1  64.5  41.7  75.7    .0  0 0 0 0 1 0 0 0 0   34 I.Sard.
  44.8  26.8  26.0  50.2  65.4  40.3  78.6    .0  0 0 0 0 1 0 0 0 0   35 I.Sard.
  47.1  29.4  39.9  48.5  63.6  29.2  69.9    .0  0 0 0 0 1 0 0 0 0   36 I.Sard.
  41.3  28.7  21.5  52.6  64.5  47.2  75.7    .0  0 0 0 0 1 0 0 0 0   37 I.Sard.
  42.8  34.3  30.0  53.4  66.2  43.1  72.8    .0  0 0 0 0 1 0 0 0 0   38 I.Sard.
  41.4  30.2  23.3  52.5  66.7  34.7  74.8    .0  0 0 0 0 1 0 0 0 0   39 I.Sard.
  50.5  27.9  22.0  51.2  63.7  44.4  82.5    .0  0 0 0 0 1 0 0 0 0   40 I.Sard.
  43.1  33.6  31.8  50.6  64.9  56.9  52.4    .0  0 0 0 0 1 0 0 0 0   41 I.Sard.
  39.2  23.8  26.5  53.1  68.3  38.9  77.7    .0  0 0 0 0 1 0 0 0 0   42 I.Sard.
  38.9  24.2  27.4  54.0  66.7  36.1  57.3    .0  0 0 0 0 1 0 0 0 0   43 I.Sard.
  40.1  26.8  30.5  53.1  64.0  37.5  74.8    .0  0 0 0 0 1 0 0 0 0   44 I.Sard.
  44.0  27.5  26.0  49.9  67.9  36.1  68.0    .0  0 0 0 0 1 0 0 0 0   45 I.Sard.
  47.6   7.5  38.1  43.0  65.6  25.0  42.7    .0  0 0 0 0 1 0 0 0 0   46 I.Sard.
  39.0  30.6  30.0  47.5  70.5  27.8  43.7    .0  0 0 0 0 1 0 0 0 0   47 I.Sard.
  44.0  39.6  29.6  47.5  69.5  29.2  41.7    .0  0 0 0 0 1 0 0 0 0   48 I.Sard.
  37.3  26.0  27.8  52.3  71.3  26.4  66.0    .0  0 0 0 0 1 0 0 0 0   49 I.Sard.
  40.9  31.3  28.3  46.4  77.5  36.1  64.1    .0  0 0 0 0 1 0 0 0 0   50 I.Sard.
  43.8  24.9  25.1  47.9  71.3  38.9  85.4    .0  0 0 0 0 1 0 0 0 0   51 I.Sard.
  38.2  32.5  23.8  50.6  71.2  31.9  80.6    .0  0 0 0 0 1 0 0 0 0   52 I.Sard.
  43.6  30.2  26.0  48.3  65.1  27.8  68.0    .0  0 0 0 0 1 0 0 0 0   53 I.Sard.
  45.2  26.4  21.1  52.8  59.9  47.2  81.6    .0  0 0 0 0 1 0 0 0 0   54 I.Sard.
  40.4  31.3  35.0  49.5  70.0  30.6  69.9    .0  0 0 0 0 1 0 0 0 0   55 I.Sard.
  46.3  23.8  30.9  50.1  65.8  27.8  65.0    .0  0 0 0 0 1 0 0 0 0   56 I.Sard.
  41.8  39.6  29.6  47.2  68.2  45.8 100.0    .0  0 0 0 0 1 0 0 0 0   57 I.Sard.
  41.3  26.8  35.4  52.3  64.7  27.8  68.9    .0  0 0 0 0 1 0 0 0 0   58 I.Sard.
  38.2  33.2  34.1  50.4  70.9  31.9  62.1    .0  0 0 0 0 1 0 0 0 0   59 I.Sard.
  46.0  25.3  22.9  48.3  68.5  38.9  83.5    .0  0 0 0 0 1 0 0 0 0   60 I.Sard.
  40.0  36.2  35.4  50.4  68.6  25.0  61.2    .0  0 0 0 0 1 0 0 0 0   61 I.Sard.
  43.8  23.8  30.5  50.5  68.6  25.0  61.2    .0  0 0 0 0 1 0 0 0 0   62 I.Sard.
  44.4  28.7  22.0  48.2  72.1  30.6  69.9    .0  0 0 0 0 1 0 0 0 0   63 I.Sard.
  42.8  35.1  29.6  51.3  71.9  36.1  83.5    .0  0 0 0 0 1 0 0 0 0   64 I.Sard.
  43.0  30.6  30.5  49.3  66.4  33.3  91.3    .0  0 0 0 0 1 0 0 0 0   65 I.Sard.
  48.7  35.1  41.7  36.3  85.9  27.8  70.9    .0  0 0 0 0 0 1 0 0 0    2 C.Sard.
  46.5  35.8  39.9  37.0  87.5  26.4  64.1    .0  0 0 0 0 0 1 0 0 0    3 C.Sard.
  43.1  41.5  43.9  38.9  83.9  26.4  78.6    .0  0 0 0 0 0 1 0 0 0    4 C.Sard.
  52.5  27.2  38.6  32.7  91.5  31.9  70.9    .0  0 0 0 0 0 1 0 0 0    5 C.Sard.
  53.6  36.6  41.7  33.5  86.8  27.8  61.2    .0  0 0 0 0 0 1 0 0 0    6 C.Sard.
  49.4  30.9  53.8  31.8  92.2  25.0  78.6    .0  0 0 0 0 0 1 0 0 0    7 C.Sard.
  48.4  39.2  47.1  39.3  78.8  27.8  57.3    .0  0 0 0 0 0 1 0 0 0    8 C.Sard.
  50.4  36.2  39.9  27.6 100.0  27.8  90.3    .0  0 0 0 0 0 1 0 0 0    9 C.Sard.
  48.9  30.6  39.5  35.2  88.9  30.6  74.8    .0  0 0 0 0 0 1 0 0 0   10 C.Sard.
  45.5  33.6  39.9  40.0  84.6  18.1  54.4    .0  0 0 0 0 0 1 0 0 0   11 C.Sard.
  46.4  31.7  47.1  36.3  89.4  30.6  85.4    .0  0 0 0 0 0 1 0 0 0   12 C.Sard.
  43.2  32.1  48.4  40.9  81.6  31.9  69.9    .0  0 0 0 0 0 1 0 0 0   13 C.Sard.
  46.3  27.2  36.3  40.0  84.1  31.9  68.0    .0  0 0 0 0 0 1 0 0 0   14 C.Sard.
  51.0  34.0  47.5  34.1  87.3  33.3  62.1    .0  0 0 0 0 0 1 0 0 0   15 C.Sard.
  46.7  29.8  37.2  39.0  85.3  30.6  63.1    .0  0 0 0 0 0 1 0 0 0   16 C.Sard.
  42.1  30.6  39.5  40.9  86.3  36.1  53.4    .0  0 0 0 0 0 1 0 0 0   17 C.Sard.
  42.3  42.3  44.8  40.7  81.9  36.1  58.3    .0  0 0 0 0 0 1 0 0 0   18 C.Sard.
  47.1  30.2  47.5  37.2  88.0  29.2  67.0    .0  0 0 0 0 0 1 0 0 0   19 C.Sard.
  46.9  32.5  45.7  38.1  84.3  31.9  64.1    .0  0 0 0 0 0 1 0 0 0   20 C.Sard.
  48.8  35.8  48.9  36.4  83.1  34.7  72.8    .0  0 0 0 0 0 1 0 0 0   21 C.Sard.
  46.3  27.2  25.1  41.2  84.1  36.1  53.4    .0  0 0 0 0 0 1 0 0 0   22 C.Sard.
  50.2  35.1  27.8  36.8  84.1  43.1  80.6    .0  0 0 0 0 0 1 0 0 0   23 C.Sard.
  41.4  23.4  22.4  44.7  83.9  37.5  63.1    .0  0 0 0 0 0 1 0 0 0   24 C.Sard.
  45.3  28.3  39.5  36.4  91.5  29.2  70.9    .0  0 0 0 0 0 1 0 0 0   25 C.Sard.
  48.2  36.2  38.6  37.0  90.4  31.9  76.7    .0  0 0 0 0 0 1 0 0 0   26 C.Sard.
  47.2  30.2  43.9  34.8  92.0  27.8  64.1    .0  0 0 0 0 0 1 0 0 0   27 C.Sard.
  43.4  33.2  51.6  39.6  83.5  30.6  71.8    .0  0 0 0 0 0 1 0 0 0   28 C.Sard.
  45.9  32.1  37.7  36.1  91.2  33.3  65.0    .0  0 0 0 0 0 1 0 0 0   29 C.Sard.
  42.4  27.9  40.8  42.7  83.6  22.2  56.3    .0  0 0 0 0 0 1 0 0 0   30 C.Sard.
  44.9  30.6  37.7  37.2  90.4  25.0  70.9    .0  0 0 0 0 0 1 0 0 0   31 C.Sard.
  50.5  29.1  39.9  33.5  90.8  27.8  79.6    .0  0 0 0 0 0 1 0 0 0   32 C.Sard.
  49.1  34.3  40.4  34.4  90.0  31.9  67.0    .0  0 0 0 0 0 1 0 0 0   33 C.Sard.
  49.8  24.5  35.0  65.9  26.6  52.8  66.0    .0  0 0 0 0 0 0 1 0 0    2 Ea.Lig.
  43.6  28.3  43.9  65.4  30.5  38.9  75.7    .0  0 0 0 0 0 0 1 0 0    3 Ea.Lig.
  45.3  20.8  39.5  67.3  27.6  52.8  75.7    .0  0 0 0 0 0 0 1 0 0    4 Ea.Lig.
  48.9  20.8  43.9  64.0  29.5  38.9  85.4    .0  0 0 0 0 0 0 1 0 0    5 Ea.Lig.
  52.4  13.2  26.0  69.7  23.7  25.0  46.6    .0  0 0 0 0 0 0 1 0 0    6 Ea.Lig.
  47.1  13.2  21.5  80.1  12.9  11.1  17.5    .0  0 0 0 0 0 0 1 0 0    7 Ea.Lig.
  54.2  24.5  39.5  62.1  30.5  38.9  56.3    .0  0 0 0 0 0 0 1 0 0    8 Ea.Lig.
  50.7  28.3  43.9  57.8  34.4  66.7  95.1    .0  0 0 0 0 0 0 1 0 0    9 Ea.Lig.
  53.3  20.8  43.9  59.7  32.5  52.8  85.4    .0  0 0 0 0 0 0 1 0 0   10 Ea.Lig.
  54.2  24.5  30.5  58.8  31.5  80.6  95.1    .0  0 0 0 0 0 0 1 0 0   11 Ea.Lig.
  50.7  32.1  17.0  57.8  36.4  66.7  95.1    .0  0 0 0 0 0 0 1 0 0   12 Ea.Lig.
  48.9  28.3  30.5  60.7  33.5  52.8  85.4    .0  0 0 0 0 0 0 1 0 0   13 Ea.Lig.
  46.2  32.1  39.5  62.6  32.5  38.9  85.4    .0  0 0 0 0 0 0 1 0 0   14 Ea.Lig.
  41.8  32.1  48.4  66.8  29.5  25.0  66.0    .0  0 0 0 0 0 0 1 0 0   15 Ea.Lig.
  42.7  28.3  57.4  67.8  26.6  66.7  95.1    .0  0 0 0 0 0 0 1 0 0   16 Ea.Lig.
  36.4  32.1  52.9  69.7  25.6  52.8  85.4    .0  0 0 0 0 0 0 1 0 0   17 Ea.Lig.
  42.7  28.3  43.9  65.4  30.5  80.6  75.7    .0  0 0 0 0 0 0 1 0 0   18 Ea.Lig.
  45.3  32.1  48.4  67.3  22.7  38.9  75.7    .0  0 0 0 0 0 0 1 0 0   19 Ea.Lig.
  41.8  24.5  39.5  72.5  21.7  38.9  66.0    .0  0 0 0 0 0 0 1 0 0   20 Ea.Lig.
  48.9  20.8  35.0  73.9  18.8  11.1  17.5    .0  0 0 0 0 0 0 1 0 0   21 Ea.Lig.
  43.6  24.5  39.5  72.0  21.7  25.0  66.0    .0  0 0 0 0 0 0 1 0 0   22 Ea.Lig.
  39.1  32.1  43.9  77.3  17.8  11.1  27.2    .0  0 0 0 0 0 0 1 0 0   23 Ea.Lig.
  42.7  28.3  52.9  70.1  23.7  38.9  46.6    .0  0 0 0 0 0 0 1 0 0   24 Ea.Lig.
  45.3  24.5  48.4  68.7  22.7  38.9  75.7    .0  0 0 0 0 0 0 1 0 0   25 Ea.Lig.
  45.3  32.1  43.9  65.4  27.6  52.8  66.0    .0  0 0 0 0 0 0 1 0 0   26 Ea.Lig.
  51.6  28.3  35.0  64.9  25.6  38.9  75.7    .0  0 0 0 0 0 0 1 0 0   27 Ea.Lig.
  49.8  35.8  43.9  62.6  28.6  25.0  85.4    .0  0 0 0 0 0 0 1 0 0   28 Ea.Lig.
  45.3  32.1  35.0  67.3  27.6  25.0  66.0    .0  0 0 0 0 0 0 1 0 0   29 Ea.Lig.
  51.6  24.5  52.9  65.9  26.6  11.1  36.9    .0  0 0 0 0 0 0 1 0 0   30 Ea.Lig.
  70.2  28.3  52.9  53.1  34.4    .0  17.5    .0  0 0 0 0 0 0 1 0 0   31 Ea.Lig.
  65.8  24.5  43.9  57.8  30.5  11.1  27.2    .0  0 0 0 0 0 0 1 0 0   32 Ea.Lig.
  42.7  17.0  30.5  75.4  21.7  11.1  56.3    .0  0 0 0 0 0 0 1 0 0   33 Ea.Lig.
  48.0  28.3  35.0  70.6  19.8  38.9  56.3    .0  0 0 0 0 0 0 1 0 0   34 Ea.Lig.
  56.0  28.3  30.5  72.0  13.9  11.1  27.2    .0  0 0 0 0 0 0 1 0 0   35 Ea.Lig.
  54.2  32.1  39.5  75.4   8.0    .0   7.8    .0  0 0 0 0 0 0 1 0 0   36 Ea.Lig.
  50.7  24.5  43.9  74.4  12.9  11.1  27.2    .0  0 0 0 0 0 0 1 0 0   37 Ea.Lig.
  49.8  35.8  39.5  67.8  17.8  38.9  85.4    .0  0 0 0 0 0 0 1 0 0   38 Ea.Lig.
  49.8  32.1  57.4  66.8  18.8  25.0  66.0    .0  0 0 0 0 0 0 1 0 0   39 Ea.Lig.
  50.7  24.5  30.5  70.6  22.7  11.1  36.9    .0  0 0 0 0 0 0 1 0 0   40 Ea.Lig.
  52.4  28.3  39.5  72.0  13.9  11.1  46.6    .0  0 0 0 0 0 0 1 0 0   41 Ea.Lig.
  47.1  28.3  39.5  74.9  11.9  25.0  56.3    .0  0 0 0 0 0 0 1 0 0   42 Ea.Lig.
  48.9  20.8  26.0  74.4  12.9  38.9  75.7    .0  0 0 0 0 0 0 1 0 0   43 Ea.Lig.
  46.2  24.5  43.9  70.1  19.8  52.8  56.3    .0  0 0 0 0 0 0 1 0 0   44 Ea.Lig.
  48.0  24.5  39.5  71.1  17.8  38.9  66.0    .0  0 0 0 0 0 0 1 0 0   45 Ea.Lig.
  44.4  20.8  39.5  72.0  21.7  25.0  66.0    .0  0 0 0 0 0 0 1 0 0   46 Ea.Lig.
  48.0  20.8  30.5  73.5  16.8  25.0  36.9    .0  0 0 0 0 0 0 1 0 0   47 Ea.Lig.
  50.7  24.5  39.5  69.2  21.7  25.0  46.6    .0  0 0 0 0 0 0 1 0 0   48 Ea.Lig.
  36.4  24.5  43.9  76.8  22.7  11.1  27.2    .0  0 0 0 0 0 0 1 0 0   49 Ea.Lig.
    .0  24.5  35.0 100.0  19.8    .0  17.5    .0  0 0 0 0 0 0 1 0 0   50 Ea.Lig.
  44.4  43.4  26.0  59.2  54.0    .0    .0    .0  0 0 0 0 0 0 0 1 0    2 We.Lig.
  36.4  32.1  30.5  58.3  56.9    .0    .0    .0  0 0 0 0 0 0 0 1 0    3 We.Lig.
  40.9  39.6  26.0  61.6  53.0    .0   7.8    .0  0 0 0 0 0 0 0 1 0    4 We.Lig.
  35.6  28.3  88.8  55.9  58.9  11.1   7.8    .0  0 0 0 0 0 0 0 1 0    5 We.Lig.
  40.0  47.2  39.5  65.4  37.4  11.1  36.9    .0  0 0 0 0 0 0 0 1 0    6 We.Lig.
  40.0  47.2  52.9  62.6  42.3  11.1  17.5    .0  0 0 0 0 0 0 0 1 0    7 We.Lig.
  37.3  32.1  35.0  68.2  44.2    .0    .0    .0  0 0 0 0 0 0 0 1 0    8 We.Lig.
  45.3  43.4  43.9  58.3  51.1    .0    .0    .0  0 0 0 0 0 0 0 1 0    9 We.Lig.
  37.3  35.8  30.5  69.2  52.1    .0    .0    .0  0 0 0 0 0 0 0 1 0   10 We.Lig.
  40.9  32.1  35.0  61.6  53.0  11.1    .0    .0  0 0 0 0 0 0 0 1 0   11 We.Lig.
  47.1  62.3  30.5  62.1  39.3  11.1   7.8    .0  0 0 0 0 0 0 0 1 0   12 We.Lig.
  42.7  62.3  35.0  61.1  40.3  11.1  36.9    .0  0 0 0 0 0 0 0 1 0   13 We.Lig.
  32.9  35.8  66.4  67.3  45.2  11.1    .0    .0  0 0 0 0 0 0 0 1 0   14 We.Lig.
  32.9  28.3  79.8  58.8  57.9    .0    .0    .0  0 0 0 0 0 0 0 1 0   15 We.Lig.
  31.1  28.3  21.5  71.6  48.1    .0    .0    .0  0 0 0 0 0 0 0 1 0   16 We.Lig.
  33.8  28.3  26.0  70.1  47.2    .0    .0    .0  0 0 0 0 0 0 0 1 0   17 We.Lig.
  40.0  39.6  26.0  61.6  55.0    .0    .0    .0  0 0 0 0 0 0 0 1 0   18 We.Lig.
  56.0  50.9  43.9  62.1  27.6  11.1   7.8    .0  0 0 0 0 0 0 0 1 0   19 We.Lig.
  40.0  28.3  70.9  73.5  23.7    .0    .0    .0  0 0 0 0 0 0 0 1 0   20 We.Lig.
  36.4  32.1  61.9  62.6  50.1    .0   7.8    .0  0 0 0 0 0 0 0 1 0   21 We.Lig.
  32.0  28.3  30.5  66.4  56.0    .0    .0    .0  0 0 0 0 0 0 0 1 0   22 We.Lig.
  50.7  43.4  30.5  54.5  55.0    .0   7.8    .0  0 0 0 0 0 0 0 1 0   23 We.Lig.
  40.0  47.2  39.5  65.9  39.3  11.1   7.8    .0  0 0 0 0 0 0 0 1 0   24 We.Lig.
  33.8  32.1  43.9  63.0  56.9    .0    .0    .0  0 0 0 0 0 0 0 1 0   25 We.Lig.
  35.6  28.3  88.8  63.0  48.1  11.1    .0    .0  0 0 0 0 0 0 0 1 0   26 We.Lig.
  38.2  28.3  43.9  70.1  36.4  11.1   7.8    .0  0 0 0 0 0 0 0 1 0   27 We.Lig.
  38.2  28.3  43.9  71.6  35.4  11.1   7.8    .0  0 0 0 0 0 0 0 1 0   28 We.Lig.
  36.4  28.3  88.8  62.6  46.2  11.1    .0    .0  0 0 0 0 0 0 0 1 0   29 We.Lig.
  36.4  28.3  48.4  62.6  55.0    .0    .0    .0  0 0 0 0 0 0 0 1 0   30 We.Lig.
  35.6  28.3  88.8  62.1  47.2  11.1    .0    .0  0 0 0 0 0 0 0 1 0   31 We.Lig.
  27.6  35.8  84.3  67.3  45.2    .0    .0    .0  0 0 0 0 0 0 0 1 0   32 We.Lig.
  37.3  32.1  43.9  66.8  44.2    .0   7.8    .0  0 0 0 0 0 0 0 1 0   33 We.Lig.
  31.1  28.3  66.4  72.0  37.4    .0    .0    .0  0 0 0 0 0 0 0 1 0   34 We.Lig.
  37.3  35.8  26.0  71.6  38.4    .0    .0    .0  0 0 0 0 0 0 0 1 0   35 We.Lig.
  35.6  32.1  39.5  66.8  45.2  11.1  17.5    .0  0 0 0 0 0 0 0 1 0   36 We.Lig.
  36.4  28.3  39.5  71.1  39.3    .0    .0    .0  0 0 0 0 0 0 0 1 0   37 We.Lig.
  45.3  28.3  66.4  64.0  37.4    .0   7.8    .0  0 0 0 0 0 0 0 1 0   38 We.Lig.
  42.7  28.3  61.9  66.8  34.4  11.1    .0    .0  0 0 0 0 0 0 0 1 0   39 We.Lig.
  43.6  39.6  57.4  63.0  31.5  11.1   7.8    .0  0 0 0 0 0 0 0 1 0   40 We.Lig.
  42.7  24.5  39.5  72.0  30.5  11.1    .0    .0  0 0 0 0 0 0 0 1 0   41 We.Lig.
  48.0  28.3  43.9  67.3  35.4    .0   7.8    .0  0 0 0 0 0 0 0 1 0   42 We.Lig.
  44.4  28.3  35.0  71.6  29.5    .0   7.8    .0  0 0 0 0 0 0 0 1 0   43 We.Lig.
  35.6  35.8  26.0  67.3  49.1    .0    .0    .0  0 0 0 0 0 0 0 1 0   44 We.Lig.
  40.9  32.1  30.5  67.8  41.3  11.1   7.8    .0  0 0 0 0 0 0 0 1 0   45 We.Lig.
  59.6  35.8  61.9  56.4  33.5  11.1   7.8    .0  0 0 0 0 0 0 0 1 0   46 We.Lig.
  40.0  32.1  52.9  68.2  35.4  11.1   7.8    .0  0 0 0 0 0 0 0 1 0   47 We.Lig.
  35.6  28.3  26.0  67.3  51.1    .0    .0    .0  0 0 0 0 0 0 0 1 0   48 We.Lig.
  33.8  39.6  43.9  68.7  41.3  11.1   7.8    .0  0 0 0 0 0 0 0 1 0   49 We.Lig.
  31.1  24.5  39.5  78.2  28.6  11.1  17.5    .0  0 0 0 0 0 0 0 1 0   50 We.Lig.
  42.2  20.8  14.8  78.4  14.9  31.9  51.5    .0  0 0 0 0 0 0 0 0 1    2  Umbria
  42.7  17.0  17.0  78.2  14.9  36.1  43.7    .0  0 0 0 0 0 0 0 0 1    3  Umbria
  41.8  18.9  16.6  78.7  15.1  45.8  17.5    .0  0 0 0 0 0 0 0 0 1    4  Umbria
  42.7  17.0  19.3  78.4  14.9  36.1  38.8    .0  0 0 0 0 0 0 0 0 1    5  Umbria
  44.0  15.1  21.5  75.8  14.9  48.6  51.5    .0  0 0 0 0 0 0 0 0 1    6  Umbria
  40.0  22.6  10.3  79.4  15.9  25.0  51.5    .0  0 0 0 0 0 0 0 0 1    7  Umbria
  39.1  20.8   8.1  79.5  15.4  36.1  61.2    .0  0 0 0 0 0 0 0 0 1    8  Umbria
  43.6  15.1  20.6  76.1  14.9  45.8  46.6    .0  0 0 0 0 0 0 0 0 1    9  Umbria
  40.4  18.9  11.7  78.9  15.4  27.8  61.2    .0  0 0 0 0 0 0 0 0 1   10  Umbria
  42.2  17.0  16.1  78.4  15.1  38.9  46.6    .0  0 0 0 0 0 0 0 0 1   11  Umbria
  41.8  18.9  12.6  78.7  15.4  31.9  51.5    .0  0 0 0 0 0 0 0 0 1   12  Umbria
  42.2  17.0  17.0  78.4  15.1  38.9  49.5    .0  0 0 0 0 0 0 0 0 1   13  Umbria
  41.3  20.0  19.3  78.7  15.1  25.0  36.9    .0  0 0 0 0 0 0 0 0 1   14  Umbria
  42.7  16.2  17.9  78.2  14.9  45.8  36.9    .0  0 0 0 0 0 0 0 0 1   15  Umbria
  43.1  17.0  20.6  78.0  14.9  50.0  31.1    .0  0 0 0 0 0 0 0 0 1   16  Umbria
  42.7  16.2  19.3  78.2  14.9  38.9  38.8    .0  0 0 0 0 0 0 0 0 1   17  Umbria
  43.1  16.2  20.6  78.2  15.1  45.8  29.1    .0  0 0 0 0 0 0 0 0 1   18  Umbria
  42.7  16.2  19.3  77.7  14.9  45.8  38.8    .0  0 0 0 0 0 0 0 0 1   19  Umbria
  43.1  16.2  20.6  78.0  14.9  45.8  31.1    .0  0 0 0 0 0 0 0 0 1   20  Umbria
  43.1  15.1  21.5  77.7  14.9  45.8  41.7    .0  0 0 0 0 0 0 0 0 1   21  Umbria
  41.8  20.8  16.1  78.9  15.7  36.1  33.0    .0  0 0 0 0 0 0 0 0 1   22  Umbria
  42.7  17.0  19.3  78.2  14.9  41.7  35.0    .0  0 0 0 0 0 0 0 0 1   23  Umbria
  44.0  15.1  21.5  75.8  14.4  51.4  52.4    .0  0 0 0 0 0 0 0 0 1   24  Umbria
  44.4  13.2  23.8  75.8  14.4  52.8  48.5    .0  0 0 0 0 0 0 0 0 1   25  Umbria
  41.3  20.8  20.6  79.5  15.7  36.1  30.1    .0  0 0 0 0 0 0 0 0 1   26  Umbria
  41.3  18.9  14.8  79.6  15.7  45.8  38.8    .0  0 0 0 0 0 0 0 0 1   27  Umbria
  40.4  22.6  12.6  79.4  15.9  31.9  46.6    .0  0 0 0 0 0 0 0 0 1   28  Umbria
  40.9  22.6  16.1  79.6  15.1  27.8  41.7    .0  0 0 0 0 0 0 0 0 1   29  Umbria
  40.9  22.6  16.1  79.6  15.1  27.8  41.7    .0  0 0 0 0 0 0 0 0 1   30  Umbria
  43.6  20.8  21.5  76.3  15.9  51.4  40.8    .0  0 0 0 0 0 0 0 0 1   31  Umbria
  41.3  20.8  14.8  78.7  15.9  27.8  54.4    .0  0 0 0 0 0 0 0 0 1   32  Umbria
  39.1  23.8  10.3  80.1  15.9  22.2  55.3    .0  0 0 0 0 0 0 0 0 1   33  Umbria
  42.7  17.0  20.6  78.0  14.9  41.7  32.0    .0  0 0 0 0 0 0 0 0 1   34  Umbria
  39.1  23.8  16.1  80.1  15.7  36.1  20.4    .0  0 0 0 0 0 0 0 0 1   35  Umbria
  41.3  20.8  17.0  79.4  15.4  36.1  24.3    .0  0 0 0 0 0 0 0 0 1   36  Umbria
  43.4  14.7  22.4  78.0  14.4  55.6  29.1    .0  0 0 0 0 0 0 0 0 1   37  Umbria
  44.0    .0  20.6  80.8  12.4  69.4  17.5    .0  0 0 0 0 0 0 0 0 1   38  Umbria
  44.4  22.6  30.5  76.5   6.1  73.6  61.2    .0  0 0 0 0 0 0 0 0 1   39  Umbria
  39.8  13.2  11.7  80.0  17.4  52.8  51.5    .0  0 0 0 0 0 0 0 0 1   40  Umbria
  44.9   5.7  32.7  78.4  14.9  73.6  12.6    .0  0 0 0 0 0 0 0 0 1   41  Umbria
  44.0   5.7  20.6  80.3  11.9  69.4  17.5    .0  0 0 0 0 0 0 0 0 1   42  Umbria
  41.1  12.8  11.7  79.6  16.3  63.9  44.7    .0  0 0 0 0 0 0 0 0 1   43  Umbria
  44.4    .0  26.0  80.1  11.9  66.7  17.5    .0  0 0 0 0 0 0 0 0 1   44  Umbria
  44.4  24.5  28.3  76.3   7.5  66.7  56.3    .0  0 0 0 0 0 0 0 0 1   45  Umbria
  39.6  17.0  10.3  79.9  16.8  59.7  46.6    .0  0 0 0 0 0 0 0 0 1   46  Umbria
  43.6  24.5  28.3  77.3   8.5  59.7  56.3    .0  0 0 0 0 0 0 0 0 1   47  Umbria
  44.0  15.1  23.8  78.9  14.9  31.9  17.5    .0  0 0 0 0 0 0 0 0 1   48  Umbria
  43.1  13.2  26.0  78.1  14.9  31.9  32.0    .0  0 0 0 0 0 0 0 0 1   49  Umbria
  44.4  13.2  30.5  78.2  14.9  69.4   7.8    .0  0 0 0 0 0 0 0 0 1   50  Umbria
  42.8   8.3  26.0  78.4  14.9  52.8  36.9    .0  0 0 0 0 0 0 0 0 1   51  Umbria
  65.5  67.5  20.2  46.3  43.7  31.9  42.7  23.2  0 0 1 0 0 0 0 0 0    2 S.Apul.
  67.0  71.3  32.7  29.8  62.2  26.4  46.6  21.4  0 0 1 0 0 0 0 0 0    3 S.Apul.
  71.1  69.4  28.7  39.3  49.6  26.4  44.7  30.4  0 0 1 0 0 0 0 0 0    4 S.Apul.
  68.8  61.5  25.1  38.2  53.9  37.5  63.1  42.9  0 0 1 0 0 0 0 0 0    5 S.Apul.
  71.3  64.2  29.1  25.7  73.9  44.4  68.0  53.6  0 0 1 0 0 0 0 0 0    6 S.Apul.
  71.1  81.9  57.4  19.7  76.8  41.7  56.3  39.3  0 0 1 0 0 0 0 0 0    7 S.Apul.
  79.9  73.2  47.1  16.4  77.5  55.6  58.3  50.0  0 0 1 0 0 0 0 0 0    8 S.Apul.
  62.8  68.7  46.6  34.9  60.6  52.8  56.3  35.7  0 0 1 0 0 0 0 0 0    9 S.Apul.
  60.1  66.8  22.9  39.4  59.2  50.0  61.2  46.4  0 0 1 0 0 0 0 0 0   10 S.Apul.
  58.9  66.4  22.4  26.6  83.7  56.9  66.0  46.4  0 0 1 0 0 0 0 0 0   11 S.Apul.
  75.8  63.4  13.9  21.2  84.1  47.2  56.3  39.3  0 0 1 0 0 0 0 0 0   12 S.Apul.
  70.1  64.9  17.5  26.6  76.8  50.0  56.3  26.8  0 0 1 0 0 0 0 0 0   13 S.Apul.
  71.4  67.2  25.1  27.3  73.8  38.9  56.3  28.6  0 0 1 0 0 0 0 0 0   14 S.Apul.
  67.5  72.1  22.9  30.9  70.5  45.8  46.6  25.0  0 0 1 0 0 0 0 0 0   15 S.Apul.
  78.0  59.2   8.1  29.4  68.1  48.6  50.5  21.4  0 0 1 0 0 0 0 0 0   16 S.Apul.
  63.4  54.7  23.8  29.0  83.2  30.6  46.6  26.8  0 0 1 0 0 0 0 0 0   17 S.Apul.
  62.3  57.0   8.1  28.5  84.5  54.2  65.0  46.4  0 0 1 0 0 0 0 0 0   18 S.Apul.
  60.1  55.8  13.9  35.1  76.5  37.5  53.4  17.9  0 0 1 0 0 0 0 0 0   19 S.Apul.
  68.4  59.6  16.1  35.0  67.6  40.3  40.8  21.4  0 0 1 0 0 0 0 0 0   20 S.Apul.
  69.7  56.2  31.8  37.3  58.1  30.6  39.8  37.5  0 0 1 0 0 0 0 0 0   21 S.Apul.
  63.5  60.0  20.6  26.7  82.3  47.2  66.0  33.9  0 0 1 0 0 0 0 0 0   22 S.Apul.
  60.4  53.6  17.9  33.2  79.7  33.3  47.6  30.4  0 0 1 0 0 0 0 0 0   23 S.Apul.
  66.8  55.8  19.7  27.9  80.7  48.6  54.4  39.3  0 0 1 0 0 0 0 0 0   24 S.Apul.
  69.1  63.0  40.4  29.1  63.9  58.3  64.1  50.0  0 0 1 0 0 0 0 0 0   25 S.Apul.
  67.5  62.3  13.0  33.2  66.7  51.4  41.7  39.3  0 0 1 0 0 0 0 0 0   26 S.Apul.
  61.6  56.6  10.3  34.4  77.8  40.3  37.9  25.0  0 0 1 0 0 0 0 0 0   27 S.Apul.
  65.4  54.7   7.6  36.6  68.8  51.4  44.7  23.2  0 0 1 0 0 0 0 0 0   28 S.Apul.
  67.5  58.9  14.3  30.2  78.1  38.9  44.7  23.2  0 0 1 0 0 0 0 0 0   29 S.Apul.
  61.8  59.2   7.6  33.4  79.5  36.1  46.6  16.1  0 0 1 0 0 0 0 0 0   30 S.Apul.
  65.9  61.9  15.2  30.1  77.8  47.2  46.6  30.4  0 0 1 0 0 0 0 0 0   31 S.Apul.
  59.8  51.3  13.5  33.2  80.5  52.8  48.5  33.9  0 0 1 0 0 0 0 0 0   32 S.Apul.
  74.6  60.4  20.6  27.6  69.9  52.8  66.0  35.7  0 0 1 0 0 0 0 0 0   33 S.Apul.
  62.2  62.3  13.9  35.7  73.8  33.3  29.1  17.9  0 0 1 0 0 0 0 0 0   34 S.Apul.
  66.7  55.8  10.8  28.5  81.4  36.1  61.2  44.6  0 0 1 0 0 0 0 0 0   35 S.Apul.
  61.3  64.9  19.7  29.4  78.8  54.2  71.8  41.1  0 0 1 0 0 0 0 0 0   36 S.Apul.
  67.4  58.9  29.6  33.6  59.6  54.2  50.5  42.9  0 0 1 0 0 0 0 0 0   37 S.Apul.
  53.1  51.3   1.8  40.7  76.9  34.7  47.6  21.4  0 0 1 0 0 0 0 0 0   38 S.Apul.
  65.6  52.5  13.9  29.2  81.1  63.9  52.4  25.0  0 0 1 0 0 0 0 0 0   39 S.Apul.
  64.4  64.5  34.5  45.5  37.1  44.4  52.4  32.1  0 0 1 0 0 0 0 0 0   40 S.Apul.
  61.4  53.2  24.7  33.3  76.4  54.2  44.7  21.4  0 0 1 0 0 0 0 0 0   41 S.Apul.
  54.8  62.6  27.4  31.3  76.5  62.5  69.9  42.9  0 0 1 0 0 0 0 0 0   42 S.Apul.
  52.5  57.7  17.0  37.9  75.1  56.9  60.2  25.0  0 0 1 0 0 0 0 0 0   43 S.Apul.
  61.1  52.1  11.2  33.4  79.5  45.8  56.3  25.0  0 0 1 0 0 0 0 0 0   44 S.Apul.
  56.7  55.8   2.7  38.1  75.7  40.3  56.3  21.4  0 0 1 0 0 0 0 0 0   45 S.Apul.
  64.4  54.3  20.2  31.9  75.5  47.2  56.3  26.8  0 0 1 0 0 0 0 0 0   46 S.Apul.
  54.1  57.4   8.5  37.3  78.9  45.8  46.6  25.0  0 0 1 0 0 0 0 0 0   47 S.Apul.
  62.9  61.9  11.2  34.6  73.0  45.8  38.8  41.1  0 0 1 0 0 0 0 0 0   48 S.Apul.
  58.1  57.4   6.3  39.3  72.3  27.8  48.5  17.9  0 0 1 0 0 0 0 0 0   49 S.Apul.
  52.5  60.4  22.0  39.3  72.9  47.2  45.6  23.2  0 0 1 0 0 0 0 0 0   50 S.Apul.
  57.1  62.3  13.0  35.8  75.0  40.3  55.3  64.3  0 0 1 0 0 0 0 0 0   51 S.Apul.
  58.9  63.0  25.6  31.5  72.7  56.9  69.9  37.5  0 0 1 0 0 0 0 0 0   52 S.Apul.
  65.9  61.9   8.1  34.8  69.1  45.8  62.1  14.3  0 0 1 0 0 0 0 0 0   53 S.Apul.
  64.5  52.8  26.9  38.1  62.4  43.1  51.5  32.1  0 0 1 0 0 0 0 0 0   54 S.Apul.
  79.0  70.2  13.5  23.8  74.0  38.9  52.4  39.3  0 0 1 0 0 0 0 0 0   55 S.Apul.
  72.4  69.1  18.4  34.7  58.0  40.3  48.5  26.8  0 0 1 0 0 0 0 0 0   56 S.Apul.
  66.5  71.3  33.6  31.4  64.7  54.2  61.2  57.1  0 0 1 0 0 0 0 0 0   57 S.Apul.
  65.4  62.6  47.1  40.1  47.5  52.8  56.3  60.7  0 0 1 0 0 0 0 0 0   58 S.Apul.
  69.5  64.5  46.6  20.5  81.2  70.8  60.2  48.2  0 0 1 0 0 0 0 0 0   59 S.Apul.
  62.3  57.0  31.4  33.5  68.4  54.2  75.7  44.6  0 0 1 0 0 0 0 0 0   60 S.Apul.
  62.6  58.9  34.5  29.5  73.4  62.5  71.8  71.4  0 0 1 0 0 0 0 0 0   61 S.Apul.
  71.0  69.8  24.7  25.7  75.9  40.3  56.3  44.6  0 0 1 0 0 0 0 0 0   62 S.Apul.
  65.1  60.0  30.9  32.8  68.4  47.2  60.2  37.5  0 0 1 0 0 0 0 0 0   63 S.Apul.
  69.1  63.0  24.2  37.9  56.0  44.4  50.5  26.8  0 0 1 0 0 0 0 0 0   64 S.Apul.
  71.4  70.6  23.8  29.4  70.2  47.2  42.7  19.6  0 0 1 0 0 0 0 0 0   65 S.Apul.
  72.9  73.2  32.7  23.7  73.6  41.7  55.3  44.6  0 0 1 0 0 0 0 0 0   66 S.Apul.
  64.5  64.2  31.8  31.1  69.2  75.0  68.9  25.0  0 0 1 0 0 0 0 0 0   67 S.Apul.
  67.7  69.8  21.5  29.2  72.5  43.1  46.6  35.7  0 0 1 0 0 0 0 0 0   68 S.Apul.
  64.0  53.6  34.1  35.8  64.6  55.6  51.5  41.1  0 0 1 0 0 0 0 0 0   69 S.Apul.
  71.3  72.5  25.1  24.7  77.4  47.2  47.6  46.4  0 0 1 0 0 0 0 0 0   70 S.Apul.
  63.2  73.2  29.1  30.7  71.4  55.6  58.3  37.5  0 0 1 0 0 0 0 0 0   71 S.Apul.
  70.3  69.8  29.1  32.2  61.2  52.8  64.1  33.9  0 0 1 0 0 0 0 0 0   72 S.Apul.
  70.3  75.1  29.1  20.6  82.7  58.3  65.0  44.6  0 0 1 0 0 0 0 0 0   73 S.Apul.
  75.3  57.7  40.4  20.1  80.0  72.2  55.3  50.0  0 0 1 0 0 0 0 0 0   74 S.Apul.
  74.8  69.4  30.9  25.4  71.3  48.6  47.6  48.2  0 0 1 0 0 0 0 0 0   75 S.Apul.
  73.6  72.1  43.0  24.0  71.9  44.4  53.4  46.4  0 0 1 0 0 0 0 0 0   76 S.Apul.
  75.7  71.3  38.1  16.3  84.2  55.6  50.5  46.4  0 0 1 0 0 0 0 0 0   77 S.Apul.
  81.7  75.5  22.9  14.3  84.3  59.7  65.0  44.6  0 0 1 0 0 0 0 0 0   78 S.Apul.
  80.0  65.7  41.7  21.4  72.4  47.2  48.5  46.4  0 0 1 0 0 0 0 0 0   79 S.Apul.
  73.5  78.1  14.3  23.8  77.5  56.9  52.4  25.0  0 0 1 0 0 0 0 0 0   80 S.Apul.
  63.7  43.0  42.6  34.3  69.4  50.0  52.4  35.7  0 0 1 0 0 0 0 0 0   81 S.Apul.
  73.6  59.2  44.8  15.6  91.2  52.8  60.2  39.3  0 0 1 0 0 0 0 0 0   82 S.Apul.
  74.4  60.8  16.6  26.0  71.6  55.6  60.2  42.9  0 0 1 0 0 0 0 0 0   83 S.Apul.
  66.2  48.7  27.8  31.8  73.4  43.1  56.3  39.3  0 0 1 0 0 0 0 0 0   84 S.Apul.
  67.5  53.2  39.9  28.0  74.5  55.6  59.2  50.0  0 0 1 0 0 0 0 0 0   85 S.Apul.
  76.5  65.3  55.6  18.8  80.3  44.4  47.6  25.0  0 0 1 0 0 0 0 0 0   86 S.Apul.
  75.2  61.9  39.5  20.8  80.1  54.2  61.2  21.4  0 0 1 0 0 0 0 0 0   87 S.Apul.
  62.6  47.2  24.7  34.1  75.5  36.1  55.3  17.9  0 0 1 0 0 0 0 0 0   88 S.Apul.
  70.9  60.8  17.9  28.9  73.1  59.7  46.6  41.1  0 0 1 0 0 0 0 0 0   89 S.Apul.
  70.0  59.2  17.5  38.2  55.8  47.2  46.6  48.2  0 0 1 0 0 0 0 0 0   90 S.Apul.
  71.4  66.4  15.2  30.2  71.6  40.3  42.7  19.6  0 0 1 0 0 0 0 0 0   91 S.Apul.
  82.6  67.5  27.4  22.0  71.4  50.0  54.4  25.0  0 0 1 0 0 0 0 0 0   92 S.Apul.
  61.7  54.3  36.8  34.1  71.0  50.0  49.5  30.4  0 0 1 0 0 0 0 0 0   93 S.Apul.
  65.0  54.7  35.4  34.7  60.8  52.8  63.1  55.4  0 0 1 0 0 0 0 0 0   94 S.Apul.
  79.8  72.8  43.5  16.2  84.4  31.9  39.8  32.1  0 0 1 0 0 0 0 0 0   95 S.Apul.
  80.4  79.6  47.1  14.0  82.1  54.2  59.2  25.0  0 0 1 0 0 0 0 0 0   96 S.Apul.
  58.0  56.6  37.2  38.9  65.1  41.7  47.6  33.9  0 0 1 0 0 0 0 0 0   97 S.Apul.
  62.0  68.7  38.6  33.3  68.1  48.6  46.6  39.3  0 0 1 0 0 0 0 0 0   98 S.Apul.
  60.8  54.3  45.3  33.6  72.6  38.9  48.5  19.6  0 0 1 0 0 0 0 0 0   99 S.Apul.
  75.6  64.9  28.3  25.7  70.8  45.8  52.4  53.6  0 0 1 0 0 0 0 0 0  100 S.Apul.
  77.0  64.9  22.9  25.5  73.3  47.2  44.7  35.7  0 0 1 0 0 0 0 0 0  101 S.Apul.
  77.5  61.5  20.2  24.4  73.7  52.8  60.2  39.3  0 0 1 0 0 0 0 0 0  102 S.Apul.
  69.2  60.8  14.8  33.6  64.9  63.9  49.5  51.8  0 0 1 0 0 0 0 0 0  103 S.Apul.
  67.3  59.2  37.2  36.3  59.3  45.8  41.7  42.9  0 0 1 0 0 0 0 0 0  104 S.Apul.
  58.8  72.5  23.8  40.4  63.6  48.6  48.5  35.7  0 0 1 0 0 0 0 0 0  105 S.Apul.
  63.4  53.6  36.8  39.4  56.2  50.0  54.4  51.8  0 0 1 0 0 0 0 0 0  106 S.Apul.
  53.0  76.6  40.4  42.3  54.2  48.6  50.5  41.1  0 0 1 0 0 0 0 0 0  107 S.Apul.
  68.7  53.6  29.1  34.0  62.8  52.8  56.3  62.5  0 0 1 0 0 0 0 0 0  108 S.Apul.
  81.0  66.0  38.6  31.1  52.6  47.2  46.6  37.5  0 0 1 0 0 0 0 0 0  109 S.Apul.
  65.8  57.7  33.6  32.5  70.2  37.5  54.4  26.8  0 0 1 0 0 0 0 0 0  110 S.Apul.
  72.2  62.6  29.6  24.3  76.5  38.9  55.3  33.9  0 0 1 0 0 0 0 0 0  111 S.Apul.
  61.2  57.0  32.3  32.5  69.9  44.4  61.2  51.8  0 0 1 0 0 0 0 0 0  112 S.Apul.
  74.4  83.4  41.7  14.5  86.9  43.1  47.6  33.9  0 0 1 0 0 0 0 0 0  113 S.Apul.
  65.5  68.7  26.5  23.5  83.4  41.7  55.3  57.1  0 0 1 0 0 0 0 0 0  114 S.Apul.
  64.8  58.5  45.3  32.7  64.8  37.5  59.2  37.5  0 0 1 0 0 0 0 0 0  115 S.Apul.
  69.2  63.4  28.7  26.9  74.4  36.1  57.3  33.9  0 0 1 0 0 0 0 0 0  116 S.Apul.
  81.5  92.5  35.9   8.9  90.2  40.3  41.7  32.1  0 0 1 0 0 0 0 0 0  117 S.Apul.
  78.7  83.8  37.7  12.8  85.1  41.7  54.4  42.9  0 0 1 0 0 0 0 0 0  118 S.Apul.
  78.0  87.2  44.4   9.7  92.2  37.5  49.5  30.4  0 0 1 0 0 0 0 0 0  119 S.Apul.
  70.1  62.3  35.9  26.3  72.6  41.7  62.1  35.7  0 0 1 0 0 0 0 0 0  120 S.Apul.
  78.1  75.5  40.4  22.6  68.2  38.9  56.3  35.7  0 0 1 0 0 0 0 0 0  121 S.Apul.
  64.8  57.0  33.2  29.8  73.4  38.9  56.3  37.5  0 0 1 0 0 0 0 0 0  122 S.Apul.
  77.5  87.2  38.6   6.8  99.2  34.7  46.6  32.1  0 0 1 0 0 0 0 0 0  123 S.Apul.
  73.2  59.2  46.2  16.4  88.6  34.7  55.3  41.1  0 0 1 0 0 0 0 0 0  124 S.Apul.
  65.5  53.2  27.8  26.1  84.6  31.9  44.7  30.4  0 0 1 0 0 0 0 0 0  125 S.Apul.
  64.9  54.0  36.3  26.0  80.6  41.7  59.2  41.1  0 0 1 0 0 0 0 0 0  126 S.Apul.
  74.9  62.3  41.3  21.4  77.3  44.4  50.5  37.5  0 0 1 0 0 0 0 0 0  127 S.Apul.
  61.9  50.6  33.2  37.1  63.5  43.1  57.3  39.3  0 0 1 0 0 0 0 0 0  128 S.Apul.
  65.7  55.1  29.1  33.0  67.5  40.3  58.3  37.5  0 0 1 0 0 0 0 0 0  129 S.Apul.
  57.2  51.3  23.8  48.3  48.8  36.1  50.5  37.5  0 0 1 0 0 0 0 0 0  130 S.Apul.
  49.6  48.7  30.5  44.1  64.7  40.3  48.5  46.4  0 0 1 0 0 0 0 0 0  131 S.Apul.
  65.4  57.4  32.3  31.2  64.9  38.9  45.6  37.5  0 0 1 0 0 0 0 0 0  132 S.Apul.
  69.3  63.8  26.9  28.3  72.5  37.5  40.8  30.4  0 0 1 0 0 0 0 0 0  133 S.Apul.
  60.3  50.6  32.3  36.8  64.2  38.9  53.4  53.6  0 0 1 0 0 0 0 0 0  134 S.Apul.
  53.7  46.0  35.9  45.9  54.5  41.7  51.5  37.5  0 0 1 0 0 0 0 0 0  135 S.Apul.
  78.3  80.0  23.8  30.4  52.8  43.1  64.1  57.1  0 0 1 0 0 0 0 0 0  136 S.Apul.
  77.2  76.6  24.7  35.0  43.0  47.2  61.2  60.7  0 0 1 0 0 0 0 0 0  137 S.Apul.
  74.2  60.0  34.1  27.3  66.0  37.5  65.0  51.8  0 0 1 0 0 0 0 0 0  138 S.Apul.
  73.7  63.4  29.6  22.5  76.1  41.7  62.1  48.2  0 0 1 0 0 0 0 0 0  139 S.Apul.
  69.1  52.5  23.3  32.7  62.8  44.4  69.9  53.6  0 0 1 0 0 0 0 0 0  140 S.Apul.
  72.5  58.1  17.9  34.4  58.2  40.3  60.2  44.6  0 0 1 0 0 0 0 0 0  141 S.Apul.
  74.8  69.8  25.1  32.2  54.6  38.9  58.3  51.8  0 0 1 0 0 0 0 0 0  142 S.Apul.
  78.5  71.3  16.1  29.1  58.3  41.7  57.3  58.9  0 0 1 0 0 0 0 0 0  143 S.Apul.
  71.9  66.8  24.7  33.0  55.4  47.2  66.0  60.7  0 0 1 0 0 0 0 0 0  144 S.Apul.
  65.1  61.1  21.1  41.3  49.3  44.4  61.2  55.4  0 0 1 0 0 0 0 0 0  145 S.Apul.
  65.7  51.7  37.7  40.0  49.0  45.8  70.9  48.2  0 0 1 0 0 0 0 0 0  146 S.Apul.
  73.8  68.3  25.1  30.2  60.9  41.7  57.3  42.9  0 0 1 0 0 0 0 0 0  147 S.Apul.
  75.6  75.5  20.2  29.3  61.9  36.1  51.5  37.5  0 0 1 0 0 0 0 0 0  148 S.Apul.
  56.8  44.5  23.8  52.9  37.1  43.1  68.0  55.4  0 0 1 0 0 0 0 0 0  149 S.Apul.
  65.6  54.3  38.6  34.0  61.9  40.3  63.1  41.1  0 0 1 0 0 0 0 0 0  150 S.Apul.
  65.0  52.8  41.3  31.2  68.1  41.7  64.1  42.9  0 0 1 0 0 0 0 0 0  151 S.Apul.
  70.0  50.6  23.3  41.8  44.9  37.5  71.8  50.0  0 0 1 0 0 0 0 0 0  152 S.Apul.
  75.0  69.8  21.1  28.9  62.8  38.9  58.3  41.1  0 0 1 0 0 0 0 0 0  153 S.Apul.
  64.4  52.1  30.0  29.8  75.0  43.1  62.1  39.3  0 0 1 0 0 0 0 0 0  154 S.Apul.
  73.6  71.3  16.6  38.2  45.2  43.1  59.2  44.6  0 0 1 0 0 0 0 0 0  155 S.Apul.
  61.6  46.4  26.9  41.2  55.6  44.4  65.0  41.1  0 0 1 0 0 0 0 0 0  156 S.Apul.
  63.4  49.8  26.0  38.3  60.9  43.1  57.3  32.1  0 0 1 0 0 0 0 0 0  157 S.Apul.
  71.7  58.1  24.7  27.3  72.0  44.4  53.4  44.6  0 0 1 0 0 0 0 0 0  158 S.Apul.
  66.7  57.4  32.7  27.6  75.5  40.3  51.5  44.6  0 0 1 0 0 0 0 0 0  159 S.Apul.
  72.0  61.9  27.8  29.5  65.9  43.1  52.4  44.6  0 0 1 0 0 0 0 0 0  160 S.Apul.
  76.6  76.6  27.8  20.1  77.3  37.5  49.5  37.5  0 0 1 0 0 0 0 0 0  161 S.Apul.
  67.4  60.0  23.8  35.2  60.5  40.3  53.4  42.9  0 0 1 0 0 0 0 0 0  162 S.Apul.
  67.3  59.6  34.1  30.7  67.8  41.7  49.5  39.3  0 0 1 0 0 0 0 0 0  163 S.Apul.
  70.5  59.6  25.6  25.7  74.6  43.1  59.2  55.4  0 0 1 0 0 0 0 0 0  164 S.Apul.
  71.4  68.7  24.2  20.7  91.9  44.4  56.3  51.8  0 0 1 0 0 0 0 0 0  165 S.Apul.
  52.5  46.4  24.7  33.7  80.3  48.6  60.2  58.9  0 0 1 0 0 0 0 0 0  166 S.Apul.
  66.6  62.3  24.7  28.2  73.9  43.1  57.3  50.0  0 0 1 0 0 0 0 0 0  167 S.Apul.
  80.7  69.1  32.7  18.1  77.8  37.5  53.4  39.3  0 0 1 0 0 0 0 0 0  168 S.Apul.
  73.2  64.2  16.6  22.3  80.3  38.9  58.3  41.1  0 0 1 0 0 0 0 0 0  169 S.Apul.
  67.3  55.5  12.1  22.4  90.0  43.1  60.2  44.6  0 0 1 0 0 0 0 0 0  170 S.Apul.
  75.6  62.6  20.2  22.9  78.1  33.3  53.4  37.5  0 0 1 0 0 0 0 0 0  171 S.Apul.
  67.4  55.1  20.6  34.6  63.3  43.1  55.3  51.8  0 0 1 0 0 0 0 0 0  172 S.Apul.
  71.9  54.3  28.3  26.6  72.9  45.8  56.3  51.8  0 0 1 0 0 0 0 0 0  173 S.Apul.
  80.4  55.5  65.5  20.1  65.7  59.7  88.3  50.0  0 0 1 0 0 0 0 0 0  174 S.Apul.
  63.8  58.9  45.3  32.6  56.9  50.0  78.6  66.1  0 0 1 0 0 0 0 0 0  175 S.Apul.
  76.4  54.7  83.0  17.8  66.4  58.3  89.3  60.7  0 0 1 0 0 0 0 0 0  176 S.Apul.
  59.8  52.1  19.7  38.2  65.3  48.6  56.3  46.4  0 0 1 0 0 0 0 0 0  177 S.Apul.
  58.0  52.8  21.1  39.8  68.5  40.3  38.8  28.6  0 0 1 0 0 0 0 0 0  178 S.Apul.
  67.5  54.0  28.3  40.8  49.9  50.0  65.0  53.6  0 0 1 0 0 0 0 0 0  179 S.Apul.
  66.0  59.2  10.3  31.5  74.8  36.1  70.9  30.4  0 0 1 0 0 0 0 0 0  180 S.Apul.
  51.3  46.8  14.8  53.4  49.3  37.5  52.4  35.7  0 0 1 0 0 0 0 0 0  181 S.Apul.
  99.7  81.5   1.8   6.5  84.6  59.7  58.3  37.5  0 0 1 0 0 0 0 0 0  182 S.Apul.
  89.8  90.6   6.3  15.5  74.8  37.5  58.3  44.6  0 0 1 0 0 0 0 0 0  183 S.Apul.
  82.9  59.2  18.4  20.9  69.4  69.4  82.5  57.1  0 0 1 0 0 0 0 0 0  184 S.Apul.
  78.9  58.5  19.3  23.9  74.2  45.8  62.1  37.5  0 0 1 0 0 0 0 0 0  185 S.Apul.
  70.1  58.1   8.5  33.7  63.8  47.2  68.0  25.0  0 0 1 0 0 0 0 0 0  186 S.Apul.
  60.7  53.2  17.5  38.0  64.9  41.7  56.3  51.8  0 0 1 0 0 0 0 0 0  187 S.Apul.
  72.0  60.4    .0  33.4  68.6  34.7  46.6  32.1  0 0 1 0 0 0 0 0 0  188 S.Apul.
  98.8  84.2  46.2    .0  88.3  45.8  66.0  46.4  0 0 1 0 0 0 0 0 0  189 S.Apul.
 100.6  77.7   1.8   5.5  84.8  56.9  77.7  37.5  0 0 1 0 0 0 0 0 0  190 S.Apul.
  69.4  64.9  16.6  32.0  60.1  69.4  66.0  76.8  0 0 1 0 0 0 0 0 0  191 S.Apul.
  80.6  72.1  43.5  18.0  74.1  43.1  75.7  44.6  0 0 1 0 0 0 0 0 0  192 S.Apul.
  58.6  53.6  18.4  39.8  68.5  40.3  36.9  28.6  0 0 1 0 0 0 0 0 0  193 S.Apul.
  86.0  71.3  25.1  20.5  71.9  25.0  48.5  32.1  0 0 1 0 0 0 0 0 0  194 S.Apul.
  87.1  85.3  19.3  19.2  68.6  34.7  64.1  33.9  0 0 1 0 0 0 0 0 0  195 S.Apul.
  89.9 100.0  20.2  14.6  71.5  36.1  54.4  44.6  0 0 1 0 0 0 0 0 0  196 S.Apul.
 101.6  98.1  37.7   3.2  75.0  29.2  57.3  44.6  0 0 1 0 0 0 0 0 0  197 S.Apul.
  95.0  92.5  11.2  12.7  72.7  38.9  55.3  55.4  0 0 1 0 0 0 0 0 0  198 S.Apul.
  71.9  70.9  10.8  31.9  62.1  50.0  73.8  44.6  0 0 1 0 0 0 0 0 0  199 S.Apul.
  96.3  83.4   9.9   9.4  74.0  68.1  97.1  62.5  0 0 1 0 0 0 0 0 0  200 S.Apul.
  96.2  96.2  36.8   9.4  73.2  40.3  55.3  23.2  0 0 1 0 0 0 0 0 0  201 S.Apul.
  91.4  89.4  28.3  12.8  73.5  51.4  49.5  48.2  0 0 1 0 0 0 0 0 0  202 S.Apul.
  78.8  87.5  30.0  15.2  80.4  47.2  68.9  53.6  0 0 1 0 0 0 0 0 0  203 S.Apul.
  74.0  78.1  18.8  17.9  84.7  47.2  68.0  64.3  0 0 1 0 0 0 0 0 0  204 S.Apul.
  95.1  96.2   8.1   6.6  84.3  40.3  58.3  46.4  0 0 1 0 0 0 0 0 0  205 S.Apul.
  75.8  56.2  14.8  28.9  69.1  65.3  54.4  26.8  0 0 1 0 0 0 0 0 0  206 S.Apul.
